Abbasidia  (4016,3180)  (4108,3226) (4186,3226) (4030,3226) (4030,3286) (4108,3286) (4186,3286) (4030,3346) (4108,3346) (4186,3346) (4030,3406) (4108,3406) (4186,3406)  (4035,3411) | overflowToLeft=false 
Abyssinia  (3732,4330)  (3820,4378) (3898,4378) (3742,4378) (3742,4438) (3820,4438) (3898,4438)  (3742,4498) (3820,4498) (3898,4498)  (3742,4558) (3820,4558) (3898,4558)  (3747,4563) (3664,4378)  (3664,4438)  (3664,4498)  (3664,4558)  (3669,4563) | overflowToLeft=false 
Adelaide  (7617,5993) (7708,6041)  (7786,6041)  (7630,6041) (7630,6101)  (7708,6101)  (7786,6101)  (7630,6161)  (7708,6161)  (7786,6161)  (7630,6221)  (7708,6221)  (7786,6221) (7552,6041) (7552,6101) (7552,6161) (7552,6221) (7557,6226) | overflowToLeft=false   
Aden  (4261,3997) (4320,4044) (4398,4044)  (4242,4044)  (4242,4104)  (4320,4104)  (4398,4104)  (4242,4164)  (4320,4164)  (4398,4164)  (4164,4104)   (4164,4164)   (4468,4044)  (4468,4104) (4169,4169) | overflowToLeft=false 
Aden Gulf  (4648,4363)  (4726,4363)  (4570,4363)  (4570,4423)  (4648,4423)  (4726,4423)  (4570,4483) (4648,4483)  (4726,4483) (4570,4543)  (4648,4543)  (4726,4543)  (4570,4603)  (4648,4603)  (4726,4603)  (4575,4608) | overflowToLeft=false  
Adriatic Sea  (3338,3378) (3416,3378) (3260,3378) (3260,3438) (3338,3438) (3416,3438) (3260,3498) (3338,3498) (3416,3498) (3260,3558) (3338,3558) (3190,3378) (3190,3438) (3190,3498) (3190,3558)   |  overflowToLeft=false 
Afghanistan  (4994,2856)  (5118,2904)  (5196,2904)  (5040,2904)  (5040,2964) (5118,2964)  (5196,2964)  (5040,3024) (5118,3024)  (5040,3084)  (4972,2904)  (4972,2964)  (4972,3024)  (4972,3084)  (4977,3091) | overflowToLeft=false 
Algoa Bay  (4348,6168)  (4426,6168)  (4270,6168) (4270,6228) (4348,6228)  (4426,6228) (4270,6288) (4348,6288)  (4426,6288)  (4270,6348) (4348,6348)  (4426,6348)  (4192,6168)   (4192,6228)  (4192,6288)  (4192,6348)   (4197,6353) | overflowToLeft=false
Alps  (2540,2837)
Altay  (5176,2091)  (5240,2139)  (5318,2139)  (5162,2139)  (5162,2199)  (5240,2199)  (5318,2199)  (5162,2259)  (5240,2259)  (5318,2259)  (5162,2319)  (5240,2319)  (5318,2319)  (5167,2324)  | overflowToLeft=false 
Amur (6776,1885) (6838,1933) (6916,1933) (6760,1933) (6760,1993) (6838,1993) (6916,1993) (6760,2053) (6838,2053) (6916,2053) (6682,1933) (6682,1993) (6682,2053) (6994,1933) (6994,1993) (6994,2053) | overflowToLeft=false
Anatolia  (3468,3031)  (3554,3079) (3632,3079) (3476,3079)  (3476,3139) (3554,3139) (3632,3139)  (3476,3199) (3554,3199) (3632,3199)  (3476,3277) (3554,3277) (3632,3277) (3398,3079) (3398,3199) (3398,3277) (3403,3302)  | overflowToLeft=false 
Andaman Sea  (6602,4878)  (6680,4878)  (6524,4878)  (6524,4938)  (6602,4938)  (6680,4938)  (6524,4998)  (6602,4998)  (6680,4998) | overflowToLeft=false 
Angleterra (1469,2152) (1580,2200)  (1658,2200)  (1502,2200)  (1502,2260) (1580,2260)  (1658,2260)   (1502,2320) (1580,2320)  (1658,2320)  (1502,2380) (1580,2380)  (1658,2380)  (1507,2385)  | overflowToLeft=false    
Antarctic Coast   (3090,6693)  (3165,6693)  (3015,6693)  (3015,6753)   (3090,6753)  (3165,6753)  | overflowToLeft=false
Antarctica Central (3807,6883) (3940,6935) (4018,6935) (3862,6935) (3862,6995) (3940,6995) (4018,6995) | overflowToLeft=false 
Antarctica East  (5437,6839) (5568,6884) (5646,6884) (5490,6884) (5490,6944) (5568,6944) (5646,6944)  (5490,7004) (5568,7004) (5646,7004) (5722,6884) (5722,6944) (5722,7004) (5412,6884) (5412,6944) (5412,7004) (5417,6889) | overflowToLeft=false 
Antarctica West  (1839,6838) (1968,6884) (2046,6884) (1890,6884) (1890,6944) (1968,6944) (2046,6944)  (1890,7004) (1968,7004) (2046,7004) (2122,6884) (2122,6944) (2122,7004) (1812,6884) (1812,6944) (1812,7004) (1817,7009) | overflowToLeft=false 
Antipodes Norte  (7217,1129) (7408,1175) (7330,1175) (7330,1235) (7408,1235) (7335,1240) | overflowToLeft=false 
Antipodes Suden  (2357,4369) (2529,4414)  (2451,4414)  (2451,4474)  (2529,4474) (2456,4479) | overflowToLeft=false 
Arabya  (4023,3649) (4104,3697)  (4182,3697) (4026,3697) (4026,3757) (4104,3757) (4182,3757)  (4026,3817) (4104,3817) (4182,3817)  (4026,3877) (4104,3877) (4182,3877) (4031,3882) | overflowToLeft=false  
Arabyan Gulf  (5030,3804) (5108,3804) (4952,3804) (4952,3864) (5030,3864) (5108,3864) (4952,3924) (5030,3924) (5108,3924) (4952,3984) (4874,3804) (4874,3864) (4874,3924) (4874,3984) (5030,3984) | overflowToLeft=false  
Archangel  (3781,799) (3885,847) (3961,847) (3807,847) (3807,907) (3885,907) (3961,907) (3807,967) (3885,967) (3961,967) (3807,1027) (3885,1027) (3961,1027) (3812,1031) | overflowToLeft=false  
Arctic Strait (5650,1020) (5728,1020) (5572,1020)  (5572,1080) (5650,1080) (5728,1080) (5572,1140) (5650,1140) (5728,1140) (5572,1200) (5650,1200)(5728,1200) | overflowToLeft=false 
Arctica Center  (5427,451)  (5518,500)  (5590,500)  (5440,500)  (5518,560)  (5590,560)  (5440,560)   (5518,620)  (5590,620)  (5440,620)  (5518,680)  (5590,680)  (5440,680)  (5523,685)  | overflowToLeft=false
Arctica East  (6084,449)  (6180,500)  (6258,500)  (6102,500)  (6102,560)  (6180,560)  (6258,560) (6102,620)  (6180,560,620)  (6258,620)  (6102,680)  (6180,680)  (6258,680) (6107,685)  | overflowToLeft=false
Arctica West  (4707,451)  (4808,500)  (4896,500)  (4730,500)  (4730,560)  (4896,560)  (4896,560)  (4730,620)  (4896,620)  (4896,620)  (4730,680)  (4896,680)  (4896,680)  (4735,685) | overflowToLeft=false
Atlantic Ocean 1  (8508,580)  (8586,580)  (8430,580) (8430,640)  (8508,640)  (8586,640)  (8430,700)  (8508,700)  (8586,700)  (8430,760)  (8508,760) 8586,760)  (8430,820)  (8508,820)  (8586,820) | overflowToLeft=false 
Atlantic Ocean 10  (688,6507)  (766,6507)  (610,6507)  (610,6567)  (688,6567)  (766,6567)  (610,6627)  (688,6627)  (766,6627)  (610,6687)  (688,6687)  (766,6687)  (610,6747)  (688,6747)  (766,6747) | overflowToLeft=false
Atlantic Ocean 11  (2228,6395) (2306,6395) (2150,6395) (2150,6455) (2228,6455) (2306,6455) (2150,6515) (2228,6515) (2306,6515) (2150,6575) (2228,6575) (2306,6575) (2150,6635) (2228,6635) (2306,6635)| overflowToLeft=false
Atlantic Ocean 2  (1932,536) (1992,536) (1854,536) (1854,596) (1932,596) (1992,596) (1854,656) (1932,656) (1992,656) (1854,716) (1932,716) (1992,716) (1776,536) (1776,596) (1776,656) (1776,716)  | overflowToLeft=false 
Atlantic Ocean 3  (608,1460)  (686,1460)  (538,1460) (538,1520)  (608,1520)  (686,1520)  (538,1580)  (608,1580)  (686,1580)   (538,1640)  (608,1640)  (686,1640)   (538,1700)  (608,1700)  (686,1700)   (538,1760)  (608,1760)  (686,1760) | overflowToLeft=false
Atlantic Ocean 4  (230,2058)  (308,2058)  (154,2058) (154,2118)  (230,2118) (308,2118) (154,2178)  (230,2178) (308,2178) (154,2238) (230,2238)  (308,2238) | overflowToLeft=false
Atlantic Ocean 5  (658,2756) (736,2756) (580,2756) (580,2816) (658,2816) (736,2816) (580,2876) (658,2876) (736,2876) (580,2936) (658,2936) (736,2936) (580,2996) (658,2996) (736,2996) (585,3001) | overflowToLeft=false
Atlantic Ocean 6  (8544,3383)  (8622,3383)  (8466,3383) (8466,3443)  (8544,3443)  (8622,3443)  (8466,3503)  (854,3503)  (8622,3503) (8466,3563)  (8544,3563)  (8622,3563)  (8466,3623)  (8544,3623)  (8622,3623)  (8471,3628) | overflowToLeft=false
Atlantic Ocean 7  (8564,4505)  (8642,4505)  (8488,4505)  (8488,4565) (8564,4565)  (8642,4565)  (8488,4625) (8564,4625)  (8642,4625)  (8488,4685) (8564,4685)  (8642,4685)  (8488,4745) (8564,4745)  (8642,4745)  (8493,4750) | overflowToLeft=false
Atlantic Ocean 8  (748,5311)  (826,5311)  (670,5311)  (670,5371)  (748,5371)  (826,5371)  (670,5431)  (748,5431)  (826,5431)  (670,5491)  (748,5491) (826,5491)  (670,5551)  (748,5551)  (826,5551) | overflowToLeft=false 
Atlantic Ocean 9 (2048,5603)  (2126,5603)  (1970,5603)  (1970,5663)  (2048,5663)  (2126,5663)   (1970,5723)  (2048,5723)  (2126,5723)   (1970,5783)  (2048,5783)  (2126,5783)  (1970,5843)  (2048,5843)  (2126,5843)  (1970,5923)  (2048,5923)  (2126,5923) | overflowToLeft=false
Atlantis  (409,3826)  (495,3874) (573,3874) (417,3874)  (417,3934) (495,3934) (573,3934)  (417,3994) (495,3994) (573,3994) (417,4054) (495,4054) (573,4054)  (419,3996) | overflowToLeft=false  
Atlas Sea  (818,4407)  (896,4407)  (740,4407)  (740,4467)  (818,4467)  (896,4467)  (740,4527)  (818,4527)  (896,4527)  (740,4587)  (818,4587)  (896,4587)  (740,4647)  (818,4647)  (896,4647)  (745,4652)  | overflowToLeft=false  
Avalon  (1121,5829)  (1218,5880)  (1296,5880)  (1140,5880)  (1140,5940)  (1218,5940)  (1296,5940)  (1140,6000)  (1218,6000)  (1296,6000)  (1140,6060)  (1218,6060)  (1296,6060)  (1140,6120)  (1218,6120)  (1296,6120) | overflowToLeft=false 
Balkani  (2929,2795) (3018,2844)  (3096,2844)  (2940,2844) (2940,2904)  (3018,2904)  (2862,2844)  (2862,2904)  (3174,2844)  (2862,2964)  (2784,2964)  (2706,2964) (2862,3024)  (2784,3024)  (2706,3024)  (2711,3029) | overflowToLeft=false
Balochistan  (4980,3301)  (5098,3348)  (5176,3348)  (5020,3348) (5020,3408)  (5098,3408)  (5176,3408)   (5020,3468)  (5098,3468)  (5176,3468)  (5020,3528)  (5098,3528)  (5176,3528)  (5020,3588)  (5098,3588)  (5176,3588)  (5020,3648)  (5098,3648)  (5176,3648)  (5025,3653) | overflowToLeft=false 
Baltic Sea  (2621,1759)  (2699,1759)  (2543,1759)  (2543,1819)  (2621,1819)  (2699,1819)   (2543,1879)  (2465,1759)  (2465,1819)  (2465,1879)  (2465,1939)  (2470,1939) | overflowToLeft=false 
Baltica  (2887,1604) (2966,1653)  (3044,1653)  (2888,1653) (2888,1713)  (2966,1713)  (3044,1713)  (2888,1773)  (2966,1773)  (3044,1773)  (2888,1833)  (2966,1833)  (3044,1833)  (2893,1838) | overflowToLeft=false 
Barentsz Sea  (3370,490)  (3448,490)  (3292,490)  (3292,550)  (3370,550)  (3448,550)  (3214,490)  (3214,550)  (3136,490)  (3136,550)  (3526,490)  (3604,490)  (3297,495) | overflowToLeft=false
Bavaria  (2337,2441)  (2422,2490)  (2500,2490)  (2344,2490)  (2344,2550)  (2422,2550)  (2500,2550)  (2344,2610)  (2422,2610)  (2500,2610)  (2344,2670)  (2422,2670)  (2500,2670)  (2349,2675) | overflowToLeft=false 
Bay-Tayginskiy  (5500,2210)  
Bengal  (6003,3414) (6080,3462) (6158,3462) (6002,3462)  (6002,3522)  (6080,3522)  (6158,3522)  (6002,3582)  (6080,3582)  (6158,3582)  (6080,3642)  (6007,3587) | overflowToLeft=false
Bengal Gulf  (6320,4007)  (6398,4007)  (6242,4007)  (6242,4067) (6320,4067)  (6398,4067) (6242,4127) (6320,4127)  (6398,4127)  (6164,4007)  (6164,4067)  (6164,4127)  (6476,4007)  (6476,4067)  (6476,4127)  (6175,4132) | overflowToLeft=false
Berber Bay  (1330,3978)  (1408,3978)  (1252,3978)  (1252,4038)  (1330,4038)  (1408,4038)  (1252,4098) (1330,4098)  (1408,4098)  (1252,4158) (1330,4158)  (1408,4158)  (1252,4758) (1330,4758)  (1408,4758) | overflowToLeft=false
Berbera  (1966,3796) (2055,3843)  (2133,3843)  (1977,3843) (1977,3903)  (2055,3903)  (2133,3903) (1977,3963)  (2055,3963)  (2133,3963)  (1899,3843) (1899,3903) (1899,3963) (1821,3903) (1821,3963) (1826,3968) | overflowToLeft=false 
Bering Bay (7858,620)  (7936,620)  (7780,620)  (7780,680)  (7858,680)  (7936,680)  (7708,620)  (7708,680)  (8014,620)  (8014,680)  (7630,620)  (7630,680)  (8092,620)  (8092,680)
Bessarabia  (3132,2472) (3237,2521) (3315,2521) (3159,2521) (3159,2581) (3237,2581) (3315,2581) (3159,2641) (3237,2641) (3315,2641)| overflowToLeft=false 
Biscaja Gulf (1393,2848)  (1471,2848) (1315,2848) (1315,2908) (1393,2908)  (1471,2908) (1315,2968) (1393,2968)  (1471,2968) (1315,3018) (1393,3018)  (1471,3018)  (1237,2848) (1237,2908) (1237,2968) (1237,3018) (1242,3023) | overflowToLeft=false 
Black Sea  (3528,2840) (3606,2840) (3450,2840)  (3450,2900) (3528,2900)  (3606,2900)  (3684,2840)  (3684,2900)  (3372,2840) (3294,2840) (3299,2845) | overflowToLeft=false
Borneo  (7070,4525) (7138,4572) (7216,4572) (7060,4572) (7060,4632) (7138,4632) (7216,4632) (7060,4692) (7138,4692) (7216,4692) (6982,4572) (6982,4632) (6982,4692) (7276,4572) (7276,4632) (7276,4692) (6987,4697) | overflowToLeft=false
Bothnia  (2745,1124)  (2662,1124)  (2662,1184)  (2740,1184)  (2662,1244)  (2740,1244)  (2662,1304)  (2740,1304)  (2667,1309) | overflowToLeft=false
Bukhara Emirate  (4640,2310) (4797,2357) (4875,2357) (4719,2357) (4719,2417) (4797,2417) (4875,2417) (4719,2477) (4797,2477) (4875,2477) (4719,2537) (4797,2537) (4875,2537) (4744,2542) | overflowToLeft=false 
Burma  (6382,3463) (6455,3513)  (6533,3513)  (6377,3513) (6377,3573)  (6455,3573) (6533,3573)  (6377,3633)  (6455,3633) (6533,3633)  (6377,3693)  (6455,3693) (6533,3693) (6382,3698) | overflowToLeft=false
Buyan  (5193,1058) (5273,1108) (5348,1108) (5195,1108) (5195,1168) (5273,1168) (5348,1168) | overflowToLeft=false 
Byelorus  (3288,1857) (3377,1906)  (3455,1906)  (3299,1906)  (3299,1966)  (3377,1966)  (3455,1966)  (3299,2026)  (3377,2026)  (3455,2026)  (3299,2086)  (3377,2086)  (3455,2086)  (3304,2091)  | overflowToLeft=false 
Canaan  (3676,3388) (3755,3436)  (3833,3436)  (3677,3436) (3677,3496) (3755,3496)  (3833,3496)  (3677,3556) (3755,3556)  (3833,3556)  (3677,3616) (3755,3616)  (3833,3616)  (3282,3621) | overflowToLeft=false
Cape Colony  (3561,6220) (3680,6270) (3758,6270) (3602,6270) (3602,6330) (3680,6330) (3758,6330) (3602,6390) (3524,6270) (3846,6270)  
Carpathians  (3011,2726) 
Caspia  (4160,2765) (4188,2825) (4196,2885) (4220,2945) (4220,3005) (4220,3065) (4240,3125)  | overflowToLeft=false
Cathay  (6771,2482) (6852,2529) (6940,2529) (6774,2529) (6774,2589) (6852,2589)  (6940,2589)  (6774,2649)  (6852,2649)  (6940,2649)  (6774,2709) (6852,2709) (6940,2709)  (6779,2714) | overflowToLeft=false 
Circassia  (3821,2623) (3918,2671) (3996,2671) (3840,2671) (3840,2731) (3918,2731) (3996,2731) (3762,2671) (3762,2731) (3684,2671) (3684,2731) (3689,2736)
Caucasus  (3856,2930)   
Celtica Sea  (1076,1771)  (1154,1771) (998,1771) (998,1831)  (1076,1831)  (1154,1831) (998,1891)  (1076,1891)  (1154,1891)  (998,1951)  (1076,1951)  (1154,1951) (920,1771) (920,1831) (920,1891) (920,1951) (925,1956) | overflowToLeft=false   
Chukchi  (7661,893)  (7748,940)  (7826,940)  (7670,940)  (7670,1000)  (7748,1000)  (7826,1000) (7670,1060)  (7748,1060)  (7826,1060) (7592,940)  (7592,1000)  (7592,1060)  (8004,940)  (8004,1000)  (8004,1060) | overflowToLeft=false 
Congo  (3455,4907)  (3522,4956)  (3600,4956)  (3444,4956)  (3444,5016)  (3522,5016)  (3600,5016) (3444,5076)  (3522,5076)  (3600,5076)  (3678,5016)  (3678,5076)  (3756,5016)  (3756,5076)  (3366,4956)  (3371,4961) | overflowToLeft=false
Coptia  (3132,3747)  (3201,3794)  (3279,3794) (3123,3794) (3123,3854) (3201,3854)  (3279,3854)  (3123,3914) (3201,3914)  (3279,3914)  (3123,3974) (3201,3974)  (3279,3974)  (3356,3794)  (3356,3854)  (3356,3914)  (3356,3794) (3128,3979) | overflowToLeft=false 
Coral Sea  (8218,5200) (8296,5200) (8140,5200) (8140,5260) (8218,5260) (8296,5260)  (8140,5320) (8218,5320) (8296,5320)  (8140,5380) (8218,5380) (8296,5380)  (8140,5440) (8218,5440) (8296,5440)  (8140,5500) (8218,5500) (8296,5500)  (8145,5505)   | overflowToLeft=false 
Costa Ivory  (1623,4793) (1738,4842)  (1816,4842)  (1660,4842)  (1660,4902) (1738,4902)  (1816,4902)  (1660,4962) (1738,4962)  (1816,4962)  (1660,5022) (1738,5022)  (1816,5022)  (1660,5082) (1738,5082) (1660,5142) (1738,5142)  (1665,5138) | overflowToLeft=false
Crater Lake  (3598,4712)  (3676,4712)  (3520,4712)  (3520,4772)  (3598,4772)  (3676,4772)  (3598,4772)  (3598,4772)  (3520,4736)  (3603,4777) | overflowToLeft=false 
Dakar Coast  (1348,5039) (1426,5039) (1270,5039) (1270,5099) (1348,5099) (1426,5099)  (1270,5159) (1348,5159) (1426,5159)  (1270,5219) (1348,5219) (1426,5219) (1506,5039) (1506,5099) (1506,5159) (1506,5219) (1511,5224) | overflowToLeft=false
Danemark  (2133,1748) (2231,1795)  (2309,1795)  (2149,1795) (2149,1855) (2231,1855)  (2309,1855)  (2149,1915) (2231,1915)  (2309,1915)  (2149,1975) (2231,1975)  (2309,1975)  (2154,1980) | overflowToLeft=false 
Darfur (3200,4484) (3280,4530)  (3358,4530)  (3202,4530)  (3202,4590)  (3280,4590)  (3358,4590)  (3200,4650)  (3280,4650)  (3358,4650)  (3202,4720)(3280,4720)  (3358,4720) (3207,4725)  | overflowToLeft=false 
Dvina  (4178,1080)  (4095,1140)  (4055,1200)  (4080,1260)  (4120,1320) | overflowToLeft=false 
Eastern Sea (7664,2340) (7742,2340) (7586,2340) (7586,2400) (7664,2400) (7742,2400)  (7586,2460)  (7664,2460)  (7586,2520) (7664,2520) (7586,2580)  (7586,2640) (7586,2700) | overflowToLeft=false 
Eire  (1162,2051) (1213,2097)  (1291,2097)  (1135,2097)  (1135,2157)  (1213,2157)  (1291,2157)   (1135,2217)  (1213,2217)  (1291,2217)  (1135,2277) (1213,2277) (1291,2277) (1140,2282)  | overflowToLeft=false 
Felipinas  (7302,3898) (7398,3946)  (7476,3946)  (7320,3946)  (7320,4006)  (7398,4006)  (7476,4006) (7320,4066) (7476,4066)  (7320,4126)  (7476,4126) (7320,4186)  (7476,4186) (7320,4246)  (7476,4246)  (7320,4306)  (7476,4306)  (7556,4186)  (7556,4246)  (7556,4306)  (7325,4311) | overflowToLeft=false 
Finmark  (2946,914) (3033,963) (3111,963)  (2955,963) (2955,1023) (3033,1023) (3111,1023)  (2955,1083) (3033,1083) (3111,1083)  (2955,1143) (3033,1143) (3111,1143)  (3000,1148)  | overflowToLeft=false 
Francia  (1868,2628)  (1955,2677)  (1877,2677)  (2033,2677)  (1877,2737)  (1955,2737)  (2033,2737)  (1877,2797)  (1955,2797)  (2033,2797)  (1877,2857)  (1955,2857)  (2033,2857) (1882,2862) | overflowToLeft=false      
Frisia  (2013,2165) (2077,2214) (2155,2214) (1999,2214) (1999,2274) (2077,2274) (2155,2274)  (1999,2334) (2077,2334) (2155,2334) (1921,2214) (1921,2274) (1921,2334) (1926,2339) | overflowToLeft=false  
Frisian Sea  (1867,1881) (1945,1881) (1789,1881) (1789,1941) (1867,1941) (1945,1941) (1789,2001) (1867,2001) (1945,2001)  (1789,2061) (1867,2061) (1945,2061)  (1789,2121) (1867,2121) (1945,2121)  (1804,2126) | overflowToLeft=false 
Gaoligong  (6560,3304) 
Germania  (2428,2032)  (2521,2078)  (2599,2078)  (2443,2078) (2443,2138)  (2521,2138)  (2599,2138)  (2443,2198)  (2521,2198)  (2599,2198)  (2443,2258)  (2521,2258)  (2599,2258)  (2448,2263) | overflowToLeft=false 
Gobi  (6375,2527) (6427,2578)  (6505,2578)  (6349,2578) (6349,2638)  (6427,2638)  (6505,2638)  (6349,2698)  (6427,2698)  (6505,2698) (6231,2578) (6231,2638)  (6231,2698)  (6236,2703) | overflowToLeft=false 
Gold Coast  (2120,4824)  (2225,4878) (2303,4878) (2147,4878) (2147,4938) (2225,4938) (2303,4938) (2147,4998) (2225,4998) (2303,4998) (2147,5058) (2225,5058) (2303,5058) (2069,4878) (2069,4938) (2074,4943) | overflowToLeft=false 
Guinea Basso  (2959,5238) (3078,5287) (3156,5287) (3000,5287) (3000,5347) (3078,5347) (3156,5347)  (3000,5407) (3078,5407) (3156,5407) (2922,5287) (3234,5287) (3234,5347) (3239,5352) | overflowToLeft=false 
Guinea Gulf  (2548,5291)  (2626,5291)  (2470,5291)  (2470,5351)  (2548,5351)  (2626,5351)  (2470,5411)  (2548,5411)  (2626,5411)  (2470,5471)  (2548,5471)  (2626,5471)  (2470,5531)  (2548,5531)  (2626,5531))  (2475,5536) | overflowToLeft=false 
Habsburg   (2711,2371) (2810,2417)  (2888,2417)  (2732,2417)  (2732,2477)  (2810,2477)  (2888,2477)  (2732,2537)  (2810,2537)  (2888,2537)  (2732,2597)  (2810,2597)  (2888,2597)  (2837,2602) | overflowToLeft=false 
Helheim Sea (698,1035)  (776,1035)  (620,1035)  (620,1095)  (698,1095)  (776,1095)  (620,1145)  (698,1145)  (776,1145)  (620,1205)  (698,1205)  (776,1205)  (542,1035)  (542,1095)  (542,1145)  (542,1205)  (547,1210) | overflowToLeft=false
Hellas  (2875,3076)  (2948,3123)  (3026,3123)  (2870,3123)  (2870,3183) (2948,3183)  (3026,3183)  (2870,3243) (2948,3243)  (3026,3243)  (2870,3303) (2948,3303)  (3026,3303)  (2875,3308) | overflowToLeft=false
Hellespont  (3205,3057) (3127,3057) (3127,3117) (3205,3117) (3127,3177) (3205,3177) (3127,3237) (3205,3237) (3132,3242)
Helvetica  (2212,2788) (2309,2833) (2386,2833) (2231,2833) (2231,2893) (2309,2893) (2386,2893) (2153,2833) (2153,2893) (2158,2838) | overflowToLeft=false 
Himalaya  (5742,3053)  (5708,2992)  (5887,3172)  (5984,3269)  (6087,3302)  (6200,3275) 
Hindu Kush  (5318,2966)
Hindustan  (5539,3477) (5642,3525) (5720,3525) (5564,3525) (5564,3585)  (5642,3585)  (5720,3585) (5564,3645) (5642,3645) (5720,3645) (5564,3705) (5642,3705) (5720,3705) | overflowToLeft=false  
Huangze (6658,2263) (6733,2263) (6733,2323) (6808,2323) (6808,2383) (6883,2383) (6968,2383) (7043,2383) (7118,2383)  | overflowToLeft=false 
Hydra Coast (1538,5674) (1616,5674) (1460,5674) (1460,5744) (1538,5744) (1616,5744) (1460,5808) (1538,5808) (1616,5808) (1460,5868) (1538,5868) (1616,5868) | overflowToLeft=false 
Iberia  (1629,3290) (1696,3337) (1774,3337) (1618,3337) (1618,3397) (1696,3397) (1774,3397) (1618,3457) (1696,3457) (1774,3457) (1618,3517) (1696,3517) (1774,3517) (1623,3522) | overflowToLeft=false 
Ice Sea  (1268,947)  (1346,947)  (1190,947)  (1190,1007)  (1268,1007)  (1346,1007) (1190,1067)  (1268,1067)  (1346,1067) (1112,947) (1112,1007) (1112,1067) (1424,947) (1424,1067)  (1424,1007) (1117,1072) | overflowToLeft=false
Indian Ocean 1  (5020,4870)  (5098,4870)  (4942,4870)  (4942,4930) (5020,4930)  (5098,4930)  (4942,4990) (5020,4990)  (5098,4990)  (4942,5050) (5020,5050)  (5098,5050) | overflowToLeft=false 
Indian Ocean 2  (6108,4540)  (6186,4540)  (6030,4540)  (6030,4600)   (6108,4600)  (6186,4600) | overflowToLeft=false 
Indian Ocean 3 (5468,6370)  (5546,6370)  (5390,6370)  (5390,6430) (5468,6430)  (5546,6430)  (5390,6490) (5468,6490)  (5546,6490)  (5390,6550) (5468,6550)  (5546,6550)  (5390,6610) (5468,6610)  (5546,6610)  (5395,6615) | overflowToLeft=false 
Indus  (4768,3429)  (4846,3429)  (4690,3429)  (4690,3489)  (4768,3489)  (4846,3489)  (4690,3549)  (4768,3549)  (4846,3549) (4768,3609)  (4846,3609)    (4695,3554) | overflowToLeft=false 	
Islandia  (1184,636)  (1270,684)  (1348,684)  (1192,684)  (1192,744)  (1270,744)  (1348,744)  (1192,804)  (1270,804)  (1348,804)  (1116,684)   (1116,744)  (1116,804)  (1122,690)  | overflowToLeft=false    
Italie  (2336,3116)  (2400,3165)  (2478,3165)  (2322,3165)  (2400,3225)  (2478,3225)  (2556,3225)  (2478,3285)  (2556,3285)  (2634,3285) (2556,3345)  (2634,3345)  (2712,3345)  (2556,3405)  (2634,3405)  (2712,3405) (2561,3410) | overflowToLeft=false
Java Sea  (6930,4316)  (7008,4316)  (6852,4316)  (6852,4376)  (6930,4376)  (7008,4376)  (6930,4436)  (7008,4436)  (6930,4506)  (7008,4506) | overflowToLeft=false
Joseon  (7268,2596)  (7343,2643)  (7421,2643)  (7265,2643)  (7265,2703) (7343,2703)  (7421,2703)  (7343,2763)  (7421,2763)  (7499,2763)  (7343,2823)  (7421,2823)  (7499,2823)  (7348,2828) | overflowToLeft=false 
Kamerun  (2883,4847) (2971,4895) (3049,4895) (2893,4895) (2893,4955) (2971,4955) (3049,4955) (2893,5015) (2971,5015) (3049,5015)  (2893,5075) (2971,5075) (3049,5075) (2825,4895)  (2825,4955) (2825,5015) (2825,5075) (2830,5080) | overflowToLeft=false 
Kamsjatka  (7846,1436) (7948,1484) (8026,1484) (7870,1484) (7870,1544) (7948,1544) (8026,1544)  (7870,1604) (7948,1604) (8026,1604)  (7870,1664) (7948,1664) (8026,1664)  (7875,1669) | overflowToLeft=false 
Kara Sea  (6294,1325) (6372,1325)  (6216,1325) (6216,1385) (6294,1385)  (6138,1325)  (6138,1385)  (6138,1445) (6060,1445) (6060,1505) (5982,1505)  (5982,1565)  (5982,1625)  (5982,1685)  (5904,1565)  (5904,1625)  (5904,1685)  (5826,1625)  (5826,1685) | overflowToLeft=false 
Karelia  (3337,936) (3416,984) (3494,984) (3338,984) (3338,1044) (3416,1044) (3494,1044) (3338,1104) (3416,1104) (3494,1104) (3250,984) (3250,1044) (3250,1104) (3572,984) (3572,1044) (3572,1104) (3269,1109) | overflowToLeft=false 
Kashmir  (5409,3090)  (5500,3140)  (5578,3140)  (5422,3140)  (5422,3200)  (5500,3200)  (5578,3200)  (5422,3260)  (5500,3260)  (5578,3260) (5422,3320)  (5500,3320)    | overflowToLeft=false 
Kazhan  (4255,1784) (4328,1834) (4406,1834) (4250,1834) (4250,1894) (4328,1894) (4406,1894) (4250,1954) (4328,1954) (4406,1954) (4250,2014) (4328,2014) (4406,2014) | overflowToLeft=false  
Kenya  (3867 ,4704) (3934,4752) (4012,4752) (3856,4752)  (3856,4812) (3934,4812) (4012,4812) (3856,4872) (3934,4872) (4012,4872) (3856,4932) (3934,4932) (4012,4932) (3861,4937) | overflowToLeft=false 
Khomy  (4285,1282)  (4358,1330) (4436,1330) (4280,1330) (4280,1390) (4358,1390) (4436,1390) (4280,1450) (4358,1450) (4436,1450) (4280,1510) (4358,1510) (4436,1510) (4285,1515) | overflowToLeft=false 
Kievan (3518,2274) (3590,2321) (3668,2321) (3512,2321) (3512,2381) (3590,2381) (3668,2381) (3512,2441) (3590,2441) (3668,2441) (3512,2501) (3590,2501) (3668,2501) (3512,2321) (3512,2381)  (3512,2441)  (3512,501)  (3518,2326)  | overflowToLeft=false 
Kingsland  (7274,5284) (7378,5331) (7456,5331) (7300,5331) (7300,5391)  (7378,5391) (7456,5391) (7300,5451)  (7378,5451) (7456,5451) (7222,5331) (7222,5391) (7222,5451) (7534,5331) (7534,5391) (7534,5451) (7227,5456)  | overflowToLeft=false 
Kisite Coast  (4378,4990)  (4456,4990)  (4300,4990)  (4300,5050)  (4378,5050)  (4456,5050)  (4300,5110)  (4378,5110)  (4456,5110)  (4300,5160)  (4378,5160)  (4456,5160)  (4300,5220)  (4378,5220)  (4456,5220)  (4305,5225) | overflowToLeft=false
Koryak Sea  (8341,1879) (8419,1879) (8263,1879) (8263,1949) (8341,1949) (8419,1949)  (8263,2009) (8341,2009) (8419,2009) (8263,2069) (8341,2069) (8419,2069)  (8263,2129) (8341,2129) (8419,2129)  | overflowToLeft=false
Kozakhstan (4034,2269) (4148,2318) (4226,2318) (4070,2318) (4070,2378) (4148,2378) (4226,2378) (4070,2438) (4148,2438) (4226,2438) (4148,2498) (4226,2498) (4148,2548) (4226,2548) | overflowToLeft=false
Laccadive Sea  (5335,4218)  (5413,4218)  (5257,4218)  (5257,4278) (5335,4278)  (5413,4278)  (5257,4338) (5335,4338)  (5413,4338) (5335,4398)  (5413,4398)  (5491,4218)  (5491,4278)  (5491,4338)  (5491,4398)  (5418,4343) | overflowToLeft=false
Laponia  (2784,544)  (2868,593)  (2946,593)  (2790,593)  (2790,673)  (2868,673)  (2946,673) (2790,733)  (2868,733)  (2946,733)  (2712,593)  (2712,673)  (2712,733)  (2717,598) | overflowToLeft=false        
Lemuria  (5418,4823) (5510,4872)  (5588,4872)  (5432,4872)  (5432,4932) (5510,4932) (5588,4932) (5432,4992) (5510,4992) (5588,4992) (5432,5052)  (5432,5052) (5510,4872) (5588,5052) (5437,4997) | overflowToLeft=false  
Lena  (6583,1474) (6583,1534) (6583,1594) (6583,1654) (6583,1714) (6583,1774) (6583,1834) (6583,1894) (6583,1954) (6583,2014) (6583,2074) 
Lusambo  (3459,5208)  (3548,5256)  (3626,5256)  (3470,5256)  (3470,5316)  (3548,5316)  (3626,5316)  (3470,5376)  (3548,5376)  (3626,5376)  (3392,5256)  (3392,5316)  (3392,5376)  (3397,5381)  | overflowToLeft=false 
Madras  (5555,3882) (5642,3930) (5720,3930)  (5564,3930)  (5564,3990)  (5642,3990) (5720,3990)  (5564,4050)  (5642,4050) (5720,4050)  (5564,4110)  (5642,4110) (5720,4110)  (5564,4170)  (5642,4170) (5720,4170)  (5569,4175)  | overflowToLeft=false 
Maelstrom  (5618,5690) (5696,5690) (5538,5690) (5538,5750) (5618,5750) (5696,5750)  (5538,5810) (5618,5810) (5696,5810)  (5538,5870) (5618,5870)(5696,5870)  (5538,5930) (5618,5930) (5696,5930) (5553,5935) | overflowToLeft=false 
Magadan  (7152,1448) (7244,1498)  (7166,1498)  (7322,1498)  (7322,1558)  (7244,1558)  (7166,1558)  (7322,1618)  (7244,1618)  (7166,1618) (7088,1498)  (7088,1558) (7088,1698)  (7244,1698)  (7322,1698) | overflowToLeft=false 
Mali  (2069,4456) (2130,4505) (2208,4505) (2052,4505) (2052,4565) (2130,4565) (2208,4565)  (2052,4625) (2130,4625) (2208,4625)  (2052,4685) (2130,4685) (2208,4685)  (2057,4690) (2130,4685) | overflowToLeft=false  
Manchurei  (7100,2235)  (7208,2280)  (7286,2280)  (7128,2280)  (7128,2340)  (7208,2340)  (7286,2340)  (7128,2400)  (7208,2400)  (7286,2400)  (7128,2460)  (7208,2460)  (7286,2460)  (7143,2465) | overflowToLeft=false
Maravi  (3968,5712) (4044,5758) (4122,5758) (3966,5758) (3966,5818) (4044,5818) (4122,5818) (3966,5878) (4044,5878) (4122,5878) (3966,5938) (4044,5938) (4122,5938)  (3971,5943) | overflowToLeft=false 
Mauretanus  (1551,4424) (1664,4472)  (1742,4472) (1586,4472) (1586,4532)  (1664,4532)  (1742,4532)  (1586,4592)  (1664,4592)  (1742,4592)  (1586,4652)  (1664,4652)  (1742,4652)  (1591,4657) | overflowToLeft=false  
Merine  (4549,5707) (4548,5755) (4626,5755) (4470,5755) (4470,5815)  (4548,5815) (4626,5815) (4548,5875) (4626,5875) (4470,5935) (4548,5935) (4470,5875)  | overflowToLeft=false 
Mitumbe  (3765,5235) 
Mongolia  (6125,2177) (6222,2226) (6300,2226) (6144,2226) (6144,2286) (6222,2286) (6300,2286)  (6144,2346) (6222,2346) (6300,2346)  (6144,2406) (6222,2406) (6300,2406) | overflowToLeft=false 
Muscat  (4555,3757)  (4632,3805)  (4710,3805)  (4554,3805)  (4554,3865) (4632,3865)  (4710,3865)  (4554,3925)  (4632,3925)  (4710,3925)  (4476,3805)  (4476,3865)  (4559,3930)  | overflowToLeft=false 
Muscovy (3725,1783) (3818,1830) (3896,1830) (3740,1830) (3740,1890)  (3818,1890)  (3896,1890) (3740,1950)  (3818,1950)  (3896,1950) (3740,2010)  (3818,2010)  (3896,2010) (3745,2015)  | overflowToLeft=false 
Najeriya  (2505,4641) (2591,4688) (2669,4688)  (2513,4688)  (2513,4748) (2591,4748) (2669,4748)  (2513,4808) (2591,4808) (2669,4808) (2513,4868) (2591,4868) (2669,4868) (2528,4873) | overflowToLeft=false 
Namibia  (3369,5949) (3448,6000) (3526,6000) (3370,6000) (3370,6060) (3448,6060) (3526,6060) (3370,6120) (3448,6120) (3526,6120) (3292,6000) (3292,6060) (3292,6120) (3604,6000) (3604,6060) (3604,6120) (3297,6125) | overflowToLeft=false 
Narwhal Bay  (6700,575) (6778,575) (6622,575) (6622,635) (6700,635) (6778,635) (6622,695) (6700,695) (6544,575) (6544,635) (6544,695) (6544,755) | overflowToLeft=false 
Nenets  (4835,1355)  (4910,1405)  (4988,1405)  (4832,1405)  (4832,1465)  (4910,1465)  (4988,1465)  (4832,1525)  (4910,1525)  (4988,1525)   (4832,1585)  (4910,1585)  (4988,1585)   | overflowToLeft=false 
Nippon  (7868,2686)  (7945,2735) (8023,2735) (7867,2735) (7867,2795) (7945,2795) (8023,2795) (7867,2855) (7945,2855) (8023,2855) (7867,2915) (7945,2915) (8023,2915) (7872,2920) | overflowToLeft=false 
Nor Sea  (2123,986)  (2201,986)  (2045,986)  (2045,1046) (2123,1046)  (2201,1046)  (1967,986)  (1967,1046)  (1967,1106)  (1967,1166)  (1967,1226)  (1967,1286)  (1967,1346)  (1967,1426)  (1889,1226)  (1889,1286)  (1889,1346)  (1889,1426)  (1894,1431)  | overflowToLeft=false 
Normark  (2142,1184) (2237,1234)  (2315,1234) (2153,1234) (2153,1294) (2237,1294)  (2315,1294) (2153,1354) (2237,1354)  (2315,1354) (2153,1414) (2237,1414)  (2315,1414) (2158,1419) | overflowToLeft=false 
Nova Zealandia  (8357,6097) (8508,6146)  (8430,6146) (8430,6206)  (8508,6206) (8352,6266) (8430,6266) (8352,6326) (8430,6326)  (8278,6386) (8352,6386) | overflowToLeft=false
Novgrad  (3320,1432) (3413,1481) (3491,1481) (3335,1481) (3335,1541) (3413,1541) (3491,1541) (3335,1601) (3413,1601) (3491,1601) (3335,1661) (3413,1661) (3491,1661) (3340,1701)| overflowToLeft=false   
Nubia  (3357,4082)  (3430,4130)  (3508,4130)  (3352,4130)  (3352,4190)  (3430,4190)  (3508,4190)  (3352,4250)  (3430,4250)  (3508,4250)  (3352,4310)  (3430,4310)  (3508,4310)  | overflowToLeft=false
Nusantara  (6566,4433) (6672,4482)  (6750,4482)  (6596,4482)  (6672,4542)  (6750,4542)  (6672,4602)  (6750,4602)  (6672,4662)  (6750,4662)  (6828,4722) | overflowToLeft=false  
Okhotsk Sea  (7623,1655)  (7701,1655)  (7545,1655)  (7545,1715)  (7623,1715)  (7701,1715) (7545,1775)  (7623,1775)  (7701,1775) (7477,1655) (7477,1715) (7477,1775) (7779,1655) (7779,1715) (7779,1775) | overflowToLeft=false 
Onega Bay  (3598,699)  (3676,699) (3520,699) (3520,759) (3598,759)  (3520,819) (3520,879) (3442,840) (3364,840) (3286,840) | overflowToLeft=false
Ostyakia  (4836,1738)  (4918,1786)  (4996,1786)  (4840,1786)  (4840,1846)  (4918,1846)  (4996,1846)  (4840,1906)  (4918,1906)  (4996,1906)  (4840,1966)  (4918,1966)  (4996,1966)  (4845,1971)  | overflowToLeft=false
Papua  (7816,4733) (7887,4781)  (7965,4781)  (7809,4781)  (7809,4841)  (7887,4841)  (7965,4841)  (7809,4901)  (7887,4901)  (7965,4901)  (8043,4781)  (8043,4841)  (8043,4781) | overflowToLeft=false
Persia (4451,3130) (4522,3179) (4600,3179)  (4444,3179) (4444,3239) (4522,3239) (4600,3239) (4444,3299) (4522,3299) (4600,3299) (4444,3359) (4522,3359) (4600,3359) (4449,3364) | overflowToLeft=false 
Polonia  (2864,2022) (2940,2071) (3018,2071) (2862,2071) (2862,2131) (2940,2131) (3018,2131)  (2862,2191) (2940,2191) (3018,2191) (2862,2251) (2940,2251) (3018,2251)  (2867,2256)  | overflowToLeft=false 
Queensland  (7742,5517) (7858,5566) (7936,5566) (7780,5566) (7780,5626) (7858,5626) (7936,5626) (7780,5686) (7858,5686) (7936,5686) (7780,5766) (7858,5766) (7936,5766) (7780,5826) (7858,5826) (7936,5826) (7785,5831) | overflowToLeft=false 
Quilian  (6095,2907) 
Red Sea (3918,4073)  (3996,4073) (3840,4073) (3840,4133) (3918,4133)  (3996,4133) (3918,4193)  (3996,4193)  (4074,4193)  (4074,4253)  (4152,4253) (4240,4253) | overflowToLeft=false 
Rhine (2076,2491)  (2154,2491)  (1998,2491)  (1920,2491)  (1880,2431)  (2192,2551) (2192,2611)  (2192,2671)  (2003,2496) | overflowToLeft=false 
Rhodesia  (3608,5636) (3705,5684) (3783,5684) (3623,5684) (3623,5744) (3705,5744) (3783,5744) (3623,5804) (3705,5804) (3783,5804) (3623,5864) (3705,5864) (3783,5864) (3628,5870) | overflowToLeft=false 
Rio Congo  (3249,5125)  (3280,5185)  (3300,5245)  (3300,5305)  (3300,5365)  (3329,5425)  (3329,5485)  (3251,5485)  (3173,5485)  (3095,5485)
Rio Doro  (1680,4086) (1772,4136) (1850,4136) (1694,4136) (1694,4196) (1772,4196) (1850,4196) (1694,4256) (1772,4256) (1850,4256) (1616,4136) (1616,4196) (1616,4256) (1928,4136) (1928,4196) (1928,4256) (1621,4141) | overflowToLeft=false 
Sahara  (2886,4060) (2968,4108)  (3046,4108) (2890,4108)  (2890,4168) (2968,4168) (3046,4168) (2812,4108)  (2812,4168) (2734,4108)  (2734,4168)  (2656,4168)  (2656,4228)  (2578,4168)  (2578,4228)  (2583,4233) | overflowToLeft=false 
Sakhalin  (7682,1964)  (7770,2011)  (7848,2011)  (7696,2011)  (7696,2071)  (7770,2071)  (7848,2071)  (7696,2131)   (7770,2131)  (7848,2131) 
(7770,2191)  (7848,2191)| overflowToLeft=false  
Scotia  (1404,1666) (1478,1714) (1556,1714) (1400,1714) (1400,1774) (1478,1774) (1556,1774)  (1400,1834) (1478,1834) (1556,1834) (1400,1894) (1478,1894) (1556,1894) (1405,1899) | overflowToLeft=false 
Shambhala (5706,2678)  (5815,2727) (5893,2727) (5737,2727) (5737,2787)  (5815,2787)  (5893,2787) (5651,2727) (5651,2787) (5893,2727) (5893,2787) | overflowToLeft=false 
Shark Sea  (5730,4672)  (5808,4672)  (5730,4732)  (5808,4732)  (5730,4792)  (5808,4792)  (5730,4852)  (5808,4852)   (5730,4912)  (5808,492)  
Siam  (6757,3869) (6811,3916) (6889,3916) (6733,3916) (6733,3976) (6811,3976) (6889,3976) (6733,4046) (6811,4046) (6889,4046) (6811,4106) (6889,4106)
Siberia   (6208,1653) (6285,1701) (6363,1701) (6207,1701) (6207,1761) (6285,1761) (6363,1761) (6207,1821) (6285,1821) (6363,1821) (6207,1881) (6207,1881) (6285,1881) (6212,1886)| overflowToLeft=false 
Sinkiang  (6338,2832) (6428,2880) (6506,2880)  (6350,2880) (6350,2940)  (6428,2940)  (6506,2942)  (6350,3000)  (6428,3000)  (6506,3000)  (6350,3060)  (6428,3060)  (6506,3060)  (6355,3065)  | overflowToLeft=false 
Sino  (6848,3000) (6908,3047) (6986,3047) (6830,3047) (6830,3107) (6908,3107) (6986,3107) (6830,3167) (6908,3167) (6986,3167) (6830,3227) (6908,3227) (6986,3227) (6835,3232) | overflowToLeft=false 
Sirens Sea  (154,6316)  (232,6316)  (76,6316)  (76,6376)  (154,6376)  (232,6376)  (76,6436)  (154,6436)  (232,6436)  (76,6496)  (154,6496)  (232,6496)  (76,6556)  (154,6556)  (232,6556)  (76,6716)  (154,6716)  (76,6776)  (154,6776)  (76,6836)  (154,6836) | overflowToLeft=false
Skagerak  (2244,1603)  (2322,1603)  (2166,1603)  (2166,1663)  (2244,1663)  (2322,1663)  (2088,1603)  (2088,1663)  (2400,1603)  (2400,1663) | overflowToLeft=false 
Skeleton Coast (2990,6116) (3068,6116) (2912,6116) (2912,6176) (2990,6176) (3068,6176) (2912,6236) (2990,6236) (3068,6236)  (2912,6296) (2990,6296) (3068,6296) (3146,6116) (3146,6176) (3146,6236) (3146,6296) (3151,6301)  | overflowToLeft=false  
Sokoto  (2841,4320)  (2918,4368)  (2996,4368)  (2840,4368)  (2840,4428)  (2918,4428) (2996,4428)  (2840,4488)  (2918,4488) (2996,4488)  (2840,4548)  (2918,4548) (2996,4548)  (2762,4368)  (2762,4428)  (2762,4488)  (2762,4548)  (2767,4553) | overflowToLeft=false 
Solomon Sea  (7887,4566)  (7965,4566)  (7809,4566)  (7809,4626)  (7887,4626)  (7965,4626)  (7731,4566)  (7731,4626)  (7653,4566)  (7653,4626) | overflowToLeft=false 
Somalie  (4160,4408) (4238,4458) (4316,4458) (4160,4458)  (4160,4518) (4238,4518) (4316,4518) (4160,4578) (4238,4578) (4316,4578) (4160,4638) (4238,4638) (4160,4638)  | overflowToLeft=false 
Strait of Gibraltar  (1702,3745)  (1780,3745) (1702,3805)  (1780,3805)  (1624,3805)  (1545,3805)  (1585,3865)  (1585,3925)  (1858,3745) 
Suez  (3564,3851) (3642,3851) (3720,3851)  (3564,3911) (3642,3911) (3720,3911) (3642,3971) (3720,3971) (3466,3851)  (3647,3971) | overflowToLeft=false 
Sulu Sea (7778,4062)  (7856,4062)  (7700,4062)  (7700,4122) (7778,4122)  (7856,4122) (7700,4182) (7778,4182)  (7856,4182)  (7700,4242) (7778,4242)  (7856,4242)  (7622,4062)  (7622,4122)  (7622,4182)  (7622,4242)  (7627,4247) | overflowToLeft=false
Svealand  (2462,1387) (2550,1434) (2628,1434) (2472,1434) (2472,1494) (2550,1494) (2628,1494)  (2472,1554) (2550,1554) (2628,1554)  (2550,1614) (2628,1614)  (2472,1614) (2394,1434) (2394,1494) (2633,1619) | overflowToLeft=false
Svir (3498,1235) (3576,1235) (3420,1235) (3342,1260) (3264,1260) (3186,1260) (3264,1235) (3108,1260) (3113,1265) | overflowToLeft=false 
Taklamakan  (6100,2600) 
Tangayika  (3928,5178)  (4023,5226)  (4101,5226)  (3945,5226)  (3945,5286) (4023,5286) (4101,5286)  (3945,5346) (4023,5346) (4101,5346)  (3945,5406) (4023,5406) (4101,5406)  (3945,5466) (4023,5466) (4101,5466) (3950,5471) | overflowToLeft=false 
Tasman Sea (7128,6650)  (7206,6650)  (7050,6650) (7050,6710) (7128,6710)  (7206,6710)  (7050,6770) (7128,6770)  (7206,6770)  (7050,6830) (7128,6830)  (7206,6830)  (7050,6880) (7128,6880)  (7206,6880) | overflowToLeft=false 
Tatarstan  (5212,2469)  (5310,2520) (5388,2520) (5232,2520) (5232,2580) (5310,2580) (5388,2580) (5232,2640) (5310,2640) (5388,2640) (5310,2700)(5388,2700) (5154,2520) (5154,2580)  (5154,2643) | overflowToLeft=false
Tenkinsky  (7160,1890) 
Terra Yakut  (6735,1258) (6854,1305) (6776,1305) (6932,1305) (6932,1365) (6854,1365) (6776,1365) (6932,1425) (6854,1425) (6776,1425) (6932,1485) (6854,1485) (6776,1485)  (6932,1545) (6854,1545) (6776,1545) | overflowToLeft=false 
The Great Bight  (7708,6400)  (7786,6400)  (7630,6400)  (7630,6460)  (7708,6460)  (7786,6460)  (7630,6520) (7708,6520) (7786,6520) | overflowToLeft=false
Thule  (458,489) (528,537) (606,537) (453,537) (453,597) (528,597) (606,597) (453,657) (528,657) (606,657) (453,717) (528,717) (606,717) (458,722)   | overflowToLeft=false        
Thyreno Sea  (2250,3433)  (2328,3433)  (2172,3433)  (2172,3493)  (2250,3493)  (2328,3493)  (2172,3553)  (2250,3553)  (2328,3553)  (2172,3613)  (2250,3613)  (2328,3613)  (2406,3433)  (2406,3493)  (2406,3553)  (2406,3613)  (2094,3433)  (2094,3493)  (2094,3553)  (2094,3613)  (2099,3618)   | overflowToLeft=false  
Tibet  (5939,3010) (5998,3058) (6076,3058) (5920,3058)  (5920,3118) (5998,3118) (6076,3118) (5998,3178) (6076,3178) (6154,3058) (6154,3118) (6154,3178) | overflowToLeft=false   
Timur Sea  (7360,4870)  (7438,4870)  (7282,4870)  (7282,4930)  (7360,4930)  (7346,4870)  (7282,4990)  (7360,4990)  (7346,4870)  | overflowToLeft=false Tjukaruru Desert  (7168,5608) (7334,5654) (7412,5654) (7256,5654)  (7256,5714) (7334,5714) (7412,5714)  (7256,5774) (7334,5774) (7412,5774)  (7256,5834) (7334,5834) (7412,5834)  (7261,5839) | overflowToLeft=false
Tjukaruru Desert  (7168,5608) (7334,5654) (7412,5654) (7256,5654)  (7256,5714) (7334,5714) (7412,5714)  (7256,5774) (7334,5774) (7412,5774)  (7256,5834) (7334,5834) (7412,5834)  (7261,5839) | overflowToLeft=false
Tonkin  (6825,3431) (6904,3480) (6982,3480) (6826,3480) (6826,3540) (6904,3540) (6982,3540) (6826,3600) (6904,3600) (6982,3600) (6826,3660) (6904,3660)  (6982,3660) (6831,3665) | overflowToLeft=false
Tonkin Bay (7362,3510) (7440,3510)  (7284,3510) (7284,3570)  (7362,3570)  (7440,3570)  (7284,3630)  (7362,3630) (7284,3690)  (7206,3510)  (7206,3570)  (7206,3630)  (7206,3690)  (7128,3510)  (7128,3570)  (7128,3630)  (7128,3690) | overflowToLeft=false 
Tripolis (2566,3873) (2654,3922) (2732,3922) (2576,3922) (2576,3982)(2654,3982) (2732,3982) (2576,4042)  (2654,4042) (2732,4042)  (2498,3922) (2498,3982) (2498,4042) (2420,3922) (2420,3982)  (2503,4047)  | overflowToLeft=false  
Tuareg  (2163,4125) (2238,4173) (2316,4173) (2160,4173) (2160,4233) (2238,4233)  (2316,4233)  (2082,4173) (2082,4233)  (2394,4173) (2394,4233) | overflowToLeft=false 
Tuna Coast  (4798,5420)  (4876,5420)  (4720,5420)  (4720,5480) (4798,5480)  (4876,5480)  (4720,5540) (4798,5540)  (4876,5540)   (4720,5600) (4798,5600)  (4876,5600) (4954,5420)  (4954,5480)  (4954,5540)  (4954,5600) | overflowToLeft=false 
Turkestan  (4496,2731) (4604,2780) (4682,2780) (4526,2780)  (4526,2840) (4604,2840) (4682,2840)  (4526,2900) (4604,2900) (4682,2900)  (4526,2960) (4604,2960) (4682,2960)  (4531,2965)  | overflowToLeft=false
Turtle Coast  (6388,5587)  (6466,5587)  (6310,5587)  (6310,5647)  (6388,5647)  (6466,5647) (6310,5707)  (6388,5707)  (6466,5707)   (6310,5767)  (6388,5767)  (6466,5767)  (6310,5827)  (6388,5827)  (6466,5827)  (6315,5832) | overflowToLeft=false
Tuva  (5724,1910) (5777,1958)  (5855,1958)  (5699,1958) (5699,2018) (5777,2018)  (5855,2018)   (5699,2078) (5777,2078)  (5855,2078)  (5699,2138) (5777,2138)  (5855,2138)  (5704,2143) | overflowToLeft=false 
Umbundu  (3210,5581) (3300,5628)  (3378,5628)  (3222,5628)  (3222,5688) (3300,5688) (3378,5688)  (3222,5748) (3300,5748)  (3378,5748) (3222,5808) (3300,5808)  (3378,5808) | overflowToLeft=false
Ural  (4588,1815)  (4588,1737)  (4640,1677)  (4640,1617)  
Uyguria  (5700,2379)  (5790,2425)  (5868,2425)  (5712,2425)  (5712,2485)  (5790,2485)  (5868,2485)  (5712,2545)  (5790,2545)  (5868,2545) (5966,2425)  (5966,2485)  (5966,2545)  (5634,2425)  (5634,2485)  (5634,2545)
Vepsia  (3800,1282)  (3871,1331)  (3949,1331)  (3793,1331)  (3793,1391) (3871,1391)  (3949,1391) (3793,1451) (3871,1451)  (3949,1451) (3793,1511) (3871,1511)  (3949,151) (3798,1516) | overflowToLeft=false 
Volga  (4093,1734)  (4103,1794)  (4093,1854) (4083,1914) (4073,1974)  | overflowToLeft=false 
West Australis  (6710,5689) (6848,5737)  (6926,5737)  (6770,5737)  (6770,5797) (6848,5797)  (6926,5797)  (6770,5857) (6848,5857)  (6926,5857)  (6770,5917) (6848,5917)  (6926,5917)  (6692,5737)  (6692,5797)  (6692,5857)  (6692,5917)  (6697,5922) | overflowToLeft=false
Whale Sea (8248,2628) (8326,2628) (8170,2628) (8170,2688) (8248,2688) (8326,2688) (8170,2748) (8248,2748) (8326,2748) (8170,2808) (8248,2808) (8326,2808) (8170,2868) (8248,2868) (8170,2928) (8248,2928) | overflowToLeft=false
White Sea  (4380,727)  (4458,727)  (4302,727) (4302,787)  (4380,787)  (4458,787)   (4302,847)  (4380,847)  (4458,847)  (4302,907)  (4380,907)  (4458,907)  (4380,967)  (4458,967)  (4385,972) | overflowToLeft=false 
Yakut Bay (6898,871) (6976,871) (6820,871) (6820,931) (6898,931) (6976,931) (6820,991) (6898,991) (6976,991) (6820,1051) (6898,1051) (6976,1051) (6742,871) (6742,931) (6742,991) (6742,1051) | overflowToLeft=false 
Yamalia  (5525,1525) (5608,1573) (5686,1573) (5530,1573) (5530,1633) (5608,1633) (5686,1633) (5608,1693) (5686,1693) (5608,1753) (5686,1753) (5452,1573) (5452,1633) (5452,1693) (5452,1753) | overflowToLeft=false  
Yellow Sea (7422,3081) (7500,3081) (7344,3081) (7344,3141) (7422,3141) (7500,3141) (7344,3201) (7422,3201) (7500,3201) (7344,3261) (7422,3261) (7500,3261) (7266,3081) (7266,3141) (7266,3201) (7266,3261)  | overflowToLeft=false 
